1.0000139153885599
0.44971927433438597
0.33825569461180327
0.14865922519606403
0.12875674513543323
0.11208185577144
0.2206667152116784
0.07111950053021684
0.07555557333472732
0.12225829423555586
0.08903415220512413
0.12046199229082163
0.12317721925189952
0.053527659185810504
0.10702523248346836
0.10569737734234307
0.04113884927552262
0.08775152675103165
0.026405060985209675
0.07373438035884185
0.06874651589746014
0.07858506926463299
0.07356335478995543
0.06165677352857549
0.06135525925091661
0.04534333890990004
0.06026403362222177
0.03909013372370352
0.02996190605921097
0.03123006986499908
0.018747644075291912
0.021345034113887155
0.022648537759863786
0.022214155856923712
0.025499655393499528
0.023831421053074897
0.036597250315471244
0.027460992817629287
0.028058749870617093
0.014062092227737171
0.03194577645633888
0.025425860420999667
0.02178027025721142
0.014782246749272261
0.006122031554765887
0.006083440840043424
0.015943577640431684
0.011297026363651718
0.009414086173745445
0.010564593797127046
0.021274505553222797
0.01725708160057764
0.012392686866003864
0.01603799195203845
0.016414825686221858
0.008948907181924272
0.004286040538880361
0.004167205177501621
0.006750644796126779
0.010683518762094737
0.009818039926539509
0.007041620399191841
0.013060063284849004
0.013442759121670214
0.007358026616300201
0.003594556504279822
0.003538878431512053
0.003441633145726144
0.0033470997622830393
0.008478363485381819
0.0077494832972231364
0.00271436346414154
0.0031584126582404996
0.006881976063122987
0.010374265439177978
0.008907243921077395
0.007979289999282055
0.009340125250052385
0.006331427200817095
0.003521705564928203
0.005251009430100629
0.005989944399021037
0.005013333748085242
0.0050370328957709196
0.0072814292427126025
0.001839929994879661
0.0026075493107290387
0.002536081755505353
0.002466588859471016
0.002399014796180109
0.002333305417983191
0.0048279729329414964
0.004162146190568114
0.0014344118897220534
0.002208783904481412
0.002148323277027457
0.0020895272806703033
0.005619989169356594
0.004175461084712309
0.0040978707606263405
0.0021763786046678202
0.008390980983443829
0.005143548723917065
0.0073230739363012755
0.006212684095215215
0.0067819878302245815
0.0053712656363140085
0.00438847632316052
0.005505555035015025
0.006056550292489883
0.006458221680363712
0.0034039657040654133
0.004237144173238521
0.006058889637477863
0.004605988049650225
0.0017996078802040136
0.0015972912036364146
0.0015536938723311091
0.001511290162132679
0.0038340185229350974
0.004363153225859687
0.005884717041914372
0.003733938814324191
0.0010742394596754965
0.0032378930415718527
0.002811135878854122
0.0027248964758157484
0.0026915949643134666
0.002996872794817239
0.0020731692783693217
0.0011862524172778115
0.0035698123145335267
0.002673615276790762
0.0007414322912322652
0.0011229813726063554
0.0024006352723108053
0.0016990233019695637
0.00175815148379754
0.002423697625829126
0.00245820371715195
0.000983293655603965
0.0022536596437282698
0.0012760922292361261
0.0028487428729399313
0.002484777353124764
0.0008661797032982399
0.0008713760739099106
0.0028393183055736336
0.003132830555954663
0.002009671702319962
0.0005389900357288079
0.0008503510598936735
0.0016780985911802053
0.002824862042659355
0.0007620017624512108
0.0008969062299407512
0.0006799996216680926
0.0007305937009638935
0.0009829927663552154
0.0018439195614930713
0.0016298502214459477
0.00315995732735681
0.0029218467863410123
0.002912152185942445
0.0018207124366619004
0.0030827803819370144
0.001993503051987373
0.0023750881603789215
0.0004962530334200056
0.0015867390404537348
0.0008548968779555159
0.001126037223033917
0.00045888163199799854
0.0010225022828449345
0.002100255125911768
0.0020689676056678667
0.0006342832219980371
0.0008115085011674355
0.0007235137077048345
0.0004108390457735312
0.0005744306249584532
0.0018003941089404854
0.0012773788913329185
0.0013665173081838524
0.0012911977511202324
0.0008212025207357762
0.0004469957384059211
0.0005291305516549396
0.001620406693571852
0.0014379459080453199
0.0014101212624007362
0.0011015440599777707
0.000830461462912632
0.0005757152249435295
0.000599979589298357
0.00022741962013598334
0.0010052176737561681
0.0005826644935459237
0.001473782408257453
0.0009772951600983165
0.0004315486832817573
0.0010983790922203121
0.0010063849030947237
0.0008486852472858993
0.0014955869431020957
0.0005421107240561419
0.000758141851147296
0.0009404465273013254
0.00036179493599753976
0.00047064959367971906
0.0002076756396352613
0.00034548891967381954
0.0010551882851466718
0.0009333222870935583
0.0012307495794234907
0.0008774197322613262
0.000744016482771014
0.0007113116876275287
0.0006240482043562574
0.001264361208891277
0.00040359592271060695
0.0006385577197214245
0.0010847762612965633
0.000533537646469565
0.0005112659397262676
0.0012464362496718993
0.000604896011235456
0.0009927594418781827
0.0009943702373006115
0.0006620433856334743
0.0004710520452646533
0.0005263134410145187
0.0006403355178278347
0.0009886233644891879
0.000942538321966862
0.00045342734341294387
0.0005751998626659773
0.0002228387761537685
0.00021678053806683135
0.0002108870130584494
0.00040967820630655465
0.0005802612674281764
0.0005911419339696002
0.0009225798225542659
0.0003861449787423023
0.00010206245330662273
0.00019369665499101578
0.00018843126773514788
0.00034705923178518825
0.0002957516414003696
0.0005622589993521129
0.0006252281048815985
0.00044123781894374304
0.00017224225466641003
0.00028675405034422457
0.0003604734415059391
0.00016420671509571227
0.0001597418249930937
0.0001553983422025954
0.0004134707735665535
0.0002952239549798564
0.0004344409329683233
0.00031652898698244787
0.00015185424542883666
0.00014772571624361918
0.00014370943435895083
0.00043854233675972887
0.0004471951229432224
0.00019259467202441017
0.0001783541604223555
0.00010860842632758072
0.00013380062293783505
0.00034163343134477943
0.0002150007118292834
0.0001040409048130652
0.0004528456416440821
0.0005071344567412441
0.0003986174572854211
0.0003635884535489182
0.00019097999138822932
9.443079760235653e-05
0.00011732192957740162
0.00028039644525010743
0.00012593722430660813
0.00016106485666847172
0.00014079250243472055
0.0004680132871572245
0.0003466383506647011
0.00031303868118121795
0.0004394080873463806
0.0001759566647668056
0.00018806150773652925
0.00015713556016789404
0.00014775596261042357
0.00010949562480411128
0.0002070229800296154
0.00016979703934309734
0.00017400123186785978
0.0001076679353512838
0.00013289210040868502
0.00017574101250229007
0.00027199082634666135
0.0001511988026072245
8.198272512868548e-05
0.00011973051356736881
0.00022581594611202052
0.00035231397046844225
0.0001603741786787307
0.00023981552377895767
0.00011187829589649058
0.0002484946183345702
4.820484598597894e-05
7.730542467353763e-05
7.520414874311619e-05
0.00010244618323245653
6.474534012907858e-05
9.118639538053345e-05
0.00013037014573327835
6.753160020645228e-05
0.00016296072347166452
0.00011864823695338097
0.00010317482575918496
0.00019524591670967963
0.0002917899783453179
0.00023191229356938535
0.0001344123997501449
0.00011435550026514005
0.00011946582659762663
0.00015242774612578186
8.113926240407133e-05
8.325399722992647e-05
0.0001893906064734078
0.00016993106249796572
5.221164025130253e-05
5.4512264117190726e-05
6.899550202763597e-05
0.000156809801181618
0.00016851323631858996
0.0001194024026839489
8.22985351722524e-05
5.131362140550277e-05
0.00015475415096093183
0.00012815877442848086
7.761703550502237e-05
9.111411663906853e-05
0.00015859462864323476
0.00018292172969004616
9.865700058008577e-05
6.724133659491602e-05
5.472650297931896e-05
7.023984840956904e-05
4.061041377949634e-05
4.3112328782148645e-05
4.992526566094461e-05
2.8323729746934087e-05
4.7059631100046637e-05
4.203742930515541e-05
3.061363344232669e-05
3.671646342343512e-05
3.676801037917985e-05
6.426598033907323e-05
5.539585102843253e-05
4.121602987868494e-05
8.927472144830654e-05
8.453439153010288e-05
3.527233278693735e-05
9.121814436654231e-05
0.00010121575221877913
7.69927053212367e-05
4.4635534803270756e-05
2.3610349217433395e-05
9.951088322842024e-05
8.752621563049897e-05
0.0001386563769528546
4.028479621140372e-05
5.088119894827251e-05
3.133006274883039e-05
8.08024329409822e-05
1.9122535194790897e-05
3.0336242673389324e-05
2.9511745560804072e-05
4.7677682220435544e-05
0.0001086627116717782
4.910667616224174e-05
2.8488631384844746e-05
4.880314707741618e-05
4.885154753429269e-05
0.00011035947723618212
4.868997753140954e-05
4.0358509822336876e-05
0.00011074388323858273
9.441893107514606e-05
4.982028016127501e-05
3.5755292023100667e-05
5.790663090660102e-05
4.7055535613648265e-05
4.912907264257561e-05
2.4432070664749228e-05
2.431360341448796e-05
2.827492337543038e-05
5.805800061111312e-05
7.716103850101644e-05
4.282929063160371e-05
4.47224358879578e-05
5.451215895434297e-05
3.0392042881601003e-05
2.720275166983734e-05
2.9348593837913838e-05
1.4431933700441844e-05
1.972535048951803e-05
1.9902190356683063e-05
7.025199638501794e-05
4.8587372439608e-05
1.279483522804396e-05
1.863037497290884e-05
4.297996890042177e-05
3.833287222279903e-05
2.6879095032326092e-05
1.765333000634477e-05
2.7317332429042355e-05
8.854878646154288e-06
1.656649490279119e-05
2.166313081123101e-05
4.7267647130683824e-05
6.779884773467437e-05
2.389057544224477e-05
4.3315515518897056e-05
5.464258927862865e-05
2.778997018796131e-05
1.7815765304524042e-05
1.9159720184298327e-05
2.012166171692125e-05
2.2780811764475872e-05
2.2479280475986548e-05
1.882473552502806e-05
7.731713365248079e-06
1.33819066786071e-05
1.3018210105743846e-05
1.7786361787919615e-05
1.492716197819608e-05
7.379508729665102e-06
1.2431306593614076e-05
3.092899378793733e-05
1.4315988444167481e-05
1.1990770247872625e-05
1.349491833777277e-05
4.521631497374252e-05
2.106967440731947e-05
2.104719362701288e-05
4.306890130154817e-05
3.1210818238753175e-05
5.899505374521445e-06
1.1276703649032003e-05
3.360520099539216e-05
2.5040609975681704e-05
2.258219892316821e-05
2.1127075786384665e-05
2.1479798325148015e-05
2.5855624099039435e-05
1.7522610983884277e-05
1.599595305509444e-05
9.508777037574212e-06
1.9804861022586568e-05
2.0317772159706664e-05
7.3346578864346145e-06
9.002324535440344e-06
8.757660241031321e-06
2.9847041465019922e-05
2.1833276955244555e-05
1.5137256887581286e-05
2.0962977304610344e-05
1.579363397526982e-05
1.5907208996629748e-05
3.1907722824949226e-05
1.747702694917736e-05
1.8452848234140275e-05
2.2220823401468882e-05
2.0443648692233214e-05
1.2734951394549268e-05
9.013218729119484e-06
1.8838680575272125e-05
1.8975210892354012e-05
1.7569598003155696e-05
1.1867341148218671e-05
1.1186858673114975e-05
6.613696585668643e-06
7.917691626017427e-06
1.6556492844844524e-05
2.9451089375267935e-05
1.2002837701243474e-05
1.3801647358827763e-05
2.7327574438368578e-05
1.421897601890776e-05
6.188701449373822e-06
6.032553080672476e-06
8.059245138954388e-06
1.3627874132636063e-05
1.132906987642474e-05
4.158358584645419e-06
6.5378882979357265e-06
1.002012989416203e-05
